23.
44.
36.
64.
44.
24.
65.
54.
42.
61.
14.
28.
43.
36.
43.
52.
65. 
54.
52.
44.
52.
56.
52.
65.
64.
62.
44.
11.
00.
16.
54
11.
65.
14.
35.
23.
34.
56.
12.
34.
53.
26.
52.
44.
22.
53.
31.
41.
62.
33.
64.
11.
13.
36.
16.
46.
23.
53.
31.
53.
43.
33.
21.
21.
55.
00.
53.
13.
53.
62.
23.
13
22
53
24.
43.
43
35
21
13
41
43
13
15
64
13
45
22
45
11
46
14
24
43
46
36
55
22
45
24
12
55
15
13
13
43
15
66
63
44
51
62
63
52
52
54
43
53
63
33
41
63
44
62
33
53
61
13
44
54
31
54
34
24
63
12
12
13
33
34
66
61
51
65
65
41
52
64
14
44
23
41
33
21
42
52
44
66
32
55
41
22
22
53
26
22
31
41
61
12
23
51
52
65
11
61
51
12
12
22
63
63
52
62
65
34
53
64
34
14
16
34
56
13
45
24
62
21
44
43
61
33
52
53
61
65
53
65
45
51
63
22
51
45
22
53
12
62
63
65
23
63
61
13
13
44
63
53
12
23
33
55
43
65
51
64
65
22
53
54
12
63
32
33
11
44
52
64
43
15
62
42
41
22
53
13
54
44
43
63
62
12
63
55
53
65
64
62
23
42
43
42
65
43
64
55
52
52
53
66
15
31
44
64
42
41
52
22
65
55
44
31
42
11
44
44
43
55
32
31
66
24
45
43
65
44
63
62
31
41
41
55
42
51
21
61
32
42
35
62
65
21
44
31
53
54
32
22
34
64
65
52
54
61
15
31
21
54
66
22
42
15
42
53
43
46
26
63
21
54
44
33

